174 624 239 202
239 202 310 128
310 128 1078 117
1078 117 1225 180
1225 180 1263 263
1263 263 1245 368
1245 368 1194 401
1194 401 946 442
946 442 1219 508
304 601 355 307
355 307 376 286
376 286 435 266
435 266 1000 225
1000 225 1078 247
1078 247 1115 280
1115 280 1095 321
1095 321 807 368
807 368 719 384
719 384 706 439
706 439 693 496
693 496 772 527
772 527 1098 593
1098 593 1115 623
1115 623 1054 645
1054 645 899 657
899 657 569 663
569 663 307 600
174 625 465 776
465 776 670 780
670 780 889 735
889 735 1024 712
1024 712 1160 746
1160 746 1261 741
1261 741 1325 700
1325 700 1327 592
1327 592 1248 531
1248 531 1219 509
